(000 (5.9105e-04 0 0))
(001 (5.7135e-04 0 0))
(002 (5.7135e-04 0 0))
(003 (5.7135e-04 0 0))
(004 (5.7135e-04 0 0))
(005 (5.7135e-04 0 0))
(006 (5.7135e-04 0 0))
(007 (5.7135e-04 0 0))
(008 (5.7135e-04 0 0))
(009 (5.7135e-04 0 0))
(010 (5.7135e-04 0 0))
(011 (5.7135e-04 0 0))
(012 (5.7135e-04 0 0))
(013 (5.7134e-04 0 0))
(014 (5.7133e-04 0 0))
(015 (5.7132e-04 0 0))
(016 (5.7130e-04 0 0))
(017 (5.7127e-04 0 0))
(018 (5.7123e-04 0 0))
(019 (5.7117e-04 0 0))
(020 (5.7109e-04 0 0))
(021 (5.7098e-04 0 0))
(022 (5.7085e-04 0 0))
(023 (5.7068e-04 0 0))
(024 (5.7047e-04 0 0))
(025 (5.7022e-04 0 0))
(026 (5.6993e-04 0 0))
(027 (5.6959e-04 0 0))
(028 (5.6919e-04 0 0))
(029 (5.6875e-04 0 0))
(030 (5.6825e-04 0 0))
(031 (5.6769e-04 0 0))
(032 (5.6707e-04 0 0))
(033 (5.6638e-04 0 0))
(034 (5.6564e-04 0 0))
(035 (5.6482e-04 0 0))
(036 (5.6394e-04 0 0))
(037 (5.6299e-04 0 0))
(038 (5.6197e-04 0 0))
(039 (5.6088e-04 0 0))
(040 (5.5971e-04 0 0))
(041 (5.5847e-04 0 0))
(042 (5.5716e-04 0 0))
(043 (5.5577e-04 0 0))
(044 (5.5431e-04 0 0))
(045 (5.5277e-04 0 0))
(046 (5.5116e-04 0 0))
(047 (5.4948e-04 0 0))
(048 (5.4773e-04 0 0))
(049 (5.4590e-04 0 0))
(050 (5.4401e-04 0 0))
(051 (5.4205e-04 0 0))
(052 (5.4003e-04 0 0))
(053 (5.3794e-04 0 0))
(054 (5.3580e-04 0 0))
(055 (5.3360e-04 0 0))
(056 (5.3136e-04 0 0))
(057 (5.2906e-04 0 0))
(058 (5.2554e-04 0 0))
(059 (5.2027e-04 0 0))
(060 (5.1343e-04 0 0))
(061 (5.0517e-04 0 0))
(062 (4.9576e-04 0 0))
(063 (4.8552e-04 0 0))
(064 (4.7494e-04 0 0))
(065 (4.6450e-04 0 0))
(066 (4.5457e-04 0 0))
(067 (4.4537e-04 0 0))
(068 (4.3690e-04 0 0))
(069 (4.2909e-04 0 0))
(070 (4.2183e-04 0 0))
(071 (4.1501e-04 0 0))
(072 (4.0859e-04 0 0))
(073 (4.0250e-04 0 0))
(074 (3.9673e-04 0 0))
(075 (3.9122e-04 0 0))
(076 (3.8597e-04 0 0))
(077 (3.8063e-04 0 0))
(078 (3.7646e-04 0 0))
(079 (3.7152e-04 0 0))
(080 (3.6717e-04 0 0))
(081 (3.6293e-04 0 0))
(082 (3.5887e-04 0 0))
(083 (3.5496e-04 0 0))
(084 (3.5120e-04 0 0))
(085 (3.4758e-04 0 0))
(086 (3.4409e-04 0 0))
(087 (3.4073e-04 0 0))
(088 (3.3748e-04 0 0))
(089 (3.3435e-04 0 0))
(090 (3.3132e-04 0 0))
(091 (3.2839e-04 0 0))
(092 (3.2556e-04 0 0))
(093 (3.2282e-04 0 0))
(094 (3.2016e-04 0 0))
(095 (3.1761e-04 0 0))
(096 (3.1512e-04 0 0))
(097 (3.1271e-04 0 0))
(098 (3.1037e-04 0 0))
(099 (3.0810e-04 0 0))
(100 (3.0592e-04 0 0))
(101 (3.0378e-04 0 0))
(102 (3.0172e-04 0 0))
(103 (2.9970e-04 0 0))
(104 (2.9777e-04 0 0))
(105 (2.9587e-04 0 0))
(106 (2.9404e-04 0 0))
(107 (2.9226e-04 0 0))
(108 (2.9051e-04 0 0))
(109 (2.8884e-04 0 0))
(110 (2.8719e-04 0 0))
(111 (2.8561e-04 0 0))
(112 (2.8406e-04 0 0))
(113 (2.8256e-04 0 0))
(114 (2.8109e-04 0 0))
(115 (2.7968e-04 0 0))
(116 (2.7829e-04 0 0))
(117 (2.7696e-04 0 0))
(118 (2.7563e-04 0 0))
(119 (2.7437e-04 0 0))
(120 (2.7313e-04 0 0))
(121 (2.7194e-04 0 0))
(122 (2.7075e-04 0 0))
(123 (2.6963e-04 0 0))
(124 (2.6851e-04 0 0))
(125 (2.6744e-04 0 0))
(126 (2.6640e-04 0 0))
(127 (2.6535e-04 0 0))
(128 (2.6438e-04 0 0))
(129 (2.6339e-04 0 0))
(130 (2.6248e-04 0 0))
(131 (2.6154e-04 0 0))
(132 (2.6067e-04 0 0))
(133 (2.5978e-04 0 0))
(134 (2.5895e-04 0 0))
(135 (2.5813e-04 0 0))
(136 (2.5733e-04 0 0))
(137 (2.5655e-04 0 0))
(138 (2.5580e-04 0 0))
(139 (2.5506e-04 0 0))
(140 (2.5434e-04 0 0))
(141 (2.5365e-04 0 0))
(142 (2.5296e-04 0 0))
(143 (2.5231e-04 0 0))
(144 (2.5166e-04 0 0))
(145 (2.5104e-04 0 0))
(146 (2.5042e-04 0 0))
(147 (2.4984e-04 0 0))
(148 (2.4925e-04 0 0))
(149 (2.4872e-04 0 0))
(150 (2.4812e-04 0 0))
(151 (2.4763e-04 0 0))
(152 (2.4710e-04 0 0))
(153 (2.4660e-04 0 0))
(154 (2.4611e-04 0 0))
(155 (2.4563e-04 0 0))
(156 (2.4516e-04 0 0))
(157 (2.4471e-04 0 0))
(158 (2.4425e-04 0 0))
(159 (2.4387e-04 0 0))
(160 (2.4340e-04 0 0))
(161 (2.4303e-04 0 0))
(162 (2.4261e-04 0 0))
(163 (2.4225e-04 0 0))
(164 (2.4186e-04 0 0))
(165 (2.4150e-04 0 0))
(166 (2.4115e-04 0 0))
(167 (2.4080e-04 0 0))
(168 (2.4046e-04 0 0))
(169 (2.4014e-04 0 0))
(170 (2.3982e-04 0 0))
(171 (2.3950e-04 0 0))
(172 (2.3921e-04 0 0))
(173 (2.3890e-04 0 0))
(174 (2.3862e-04 0 0))
(175 (2.3834e-04 0 0))
(176 (2.3807e-04 0 0))
(177 (2.3780e-04 0 0))
(178 (2.3754e-04 0 0))
(179 (2.3728e-04 0 0))
(180 (2.3705e-04 0 0))
(181 (2.3680e-04 0 0))
(182 (2.3657e-04 0 0))
(183 (2.3633e-04 0 0))
(184 (2.3612e-04 0 0))
(185 (2.3589e-04 0 0))
(186 (2.3567e-04 0 0))
(187 (2.3549e-04 0 0))
(188 (2.3527e-04 0 0))
(189 (2.3508e-04 0 0))
(190 (2.3488e-04 0 0))
(191 (2.3469e-04 0 0))
(192 (2.3451e-04 0 0))
(193 (2.3433e-04 0 0))
(194 (2.3415e-04 0 0))
(195 (2.3399e-04 0 0))
(196 (2.3396e-04 0 0))
(197 (2.3342e-04 0 0))
(198 (2.3365e-04 0 0))
(199 (2.3321e-04 0 0))
(200 (2.3322e-04 0 0))
(201 (2.3301e-04 0 0))
(202 (2.3286e-04 0 0))
(203 (2.3273e-04 0 0))
(204 (2.3257e-04 0 0))
(205 (2.3244e-04 0 0))
(206 (2.3229e-04 0 0))
(207 (2.3216e-04 0 0))
(208 (2.3202e-04 0 0))
(209 (2.3200e-04 0 0))
(210 (2.3161e-04 0 0))
(211 (2.3176e-04 0 0))
(212 (2.3141e-04 0 0))
(213 (2.3142e-04 0 0))
(214 (2.3139e-04 0 0))
(215 (2.3096e-04 0 0))
(216 (2.3115e-04 0 0))
(217 (2.3080e-04 0 0))
(218 (2.3081e-04 0 0))
(219 (2.3078e-04 0 0))
(220 (2.3041e-04 0 0))
(221 (2.3055e-04 0 0))
(222 (2.3026e-04 0 0))
(223 (2.3026e-04 0 0))
(224 (2.3009e-04 0 0))
(225 (2.3002e-04 0 0))
(226 (2.2998e-04 0 0))
(227 (2.2965e-04 0 0))
(228 (2.2967e-04 0 0))
(229 (2.2967e-04 0 0))
(230 (2.2940e-04 0 0))
(231 (2.2940e-04 0 0))
(232 (2.2938e-04 0 0))
(233 (2.2898e-04 0 0))
(234 (2.2916e-04 0 0))
(235 (2.2888e-04 0 0))
(236 (2.2888e-04 0 0))
(237 (2.2885e-04 0 0))
(238 (2.2850e-04 0 0))
(239 (2.2863e-04 0 0))
(240 (2.2838e-04 0 0))
(241 (2.2838e-04 0 0))
(242 (2.2822e-04 0 0))
(243 (2.2821e-04 0 0))
(244 (2.2795e-04 0 0))
(245 (2.2795e-04 0 0))
(246 (2.2793e-04 0 0))
(247 (2.2761e-04 0 0))
(248 (2.2762e-04 0 0))
(249 (2.2762e-04 0 0))
(250 (2.2736e-04 0 0))
(251 (2.2736e-04 0 0))
(252 (2.2721e-04 0 0))
(253 (2.2719e-04 0 0))
(254 (2.2693e-04 0 0))
(255 (2.2693e-04 0 0))
(256 (2.2686e-04 0 0))
(257 (2.2669e-04 0 0))
(258 (2.2668e-04 0 0))
(259 (2.2642e-04 0 0))
(260 (2.2643e-04 0 0))
(261 (2.2641e-04 0 0))
(262 (2.2608e-04 0 0))
(263 (2.2610e-04 0 0))
(264 (2.2610e-04 0 0))
(265 (2.2578e-04 0 0))
(266 (2.2580e-04 0 0))
(267 (2.2578e-04 0 0))
(268 (2.2547e-04 0 0))
(269 (2.2554e-04 0 0))
(270 (2.2531e-04 0 0))
(271 (2.2531e-04 0 0))
(272 (2.2512e-04 0 0))
(273 (2.2512e-04 0 0))
(274 (2.2486e-04 0 0))
(275 (2.2486e-04 0 0))
(276 (2.2483e-04 0 0))
(277 (2.2449e-04 0 0))
(278 (2.2450e-04 0 0))
(279 (2.2450e-04 0 0))
(280 (2.2422e-04 0 0))
(281 (2.2422e-04 0 0))
(282 (2.2405e-04 0 0))
(283 (2.2404e-04 0 0))
(284 (2.2377e-04 0 0))
(285 (2.2377e-04 0 0))
(286 (2.2365e-04 0 0))
(287 (2.2364e-04 0 0))
(288 (2.2325e-04 0 0))
(289 (2.2341e-04 0 0))
(290 (2.2313e-04 0 0))
(291 (2.2313e-04 0 0))
(292 (2.2293e-04 0 0))
(293 (2.2293e-04 0 0))
(294 (2.2267e-04 0 0))
(295 (2.2267e-04 0 0))
(296 (2.2251e-04 0 0))
(297 (2.2250e-04 0 0))
(298 (2.2217e-04 0 0))
(299 (2.2219e-04 0 0))
(300 (2.2218e-04 0 0))
(301 (2.2186e-04 0 0))
(302 (2.2186e-04 0 0))
(303 (2.2184e-04 0 0))
(304 (2.2148e-04 0 0))
(305 (2.2157e-04 0 0))
(306 (2.2136e-04 0 0))
(307 (2.2135e-04 0 0))
(308 (2.2108e-04 0 0))
(309 (2.2108e-04 0 0))
(310 (2.2092e-04 0 0))
(311 (2.2090e-04 0 0))
(312 (2.2060e-04 0 0))
(313 (2.2060e-04 0 0))
(314 (2.2059e-04 0 0))
(315 (2.2023e-04 0 0))
(316 (2.2033e-04 0 0))
(317 (2.2008e-04 0 0))
(318 (2.2008e-04 0 0))
(319 (2.1985e-04 0 0))
(320 (2.1985e-04 0 0))
(321 (2.1961e-04 0 0))
(322 (2.1961e-04 0 0))
(323 (2.1940e-04 0 0))
(324 (2.1939e-04 0 0))
(325 (2.1915e-04 0 0))
(326 (2.1915e-04 0 0))
(327 (2.1895e-04 0 0))
(328 (2.1894e-04 0 0))
(329 (2.1868e-04 0 0))
(330 (2.1868e-04 0 0))
(331 (2.1850e-04 0 0))
(332 (2.1850e-04 0 0))
(333 (2.1821e-04 0 0))
(334 (2.1822e-04 0 0))
(335 (2.1809e-04 0 0))
(336 (2.1796e-04 0 0))
(337 (2.1794e-04 0 0))
(338 (2.1765e-04 0 0))
(339 (2.1765e-04 0 0))
(340 (2.1763e-04 0 0))
(341 (2.1726e-04 0 0))
(342 (2.1735e-04 0 0))
(343 (2.1716e-04 0 0))
(344 (2.1715e-04 0 0))
(345 (2.1686e-04 0 0))
(346 (2.1687e-04 0 0))
(347 (2.1684e-04 0 0))
(348 (2.1650e-04 0 0))
(349 (2.1657e-04 0 0))
(350 (2.1638e-04 0 0))
(351 (2.1638e-04 0 0))
(352 (2.1610e-04 0 0))
(353 (2.1610e-04 0 0))
(354 (2.1597e-04 0 0))
(355 (2.1586e-04 0 0))
(356 (2.1584e-04 0 0))
(357 (2.1554e-04 0 0))
(358 (2.1554e-04 0 0))
(359 (2.1553e-04 0 0))
(360 (2.1522e-04 0 0))
(361 (2.1522e-04 0 0))
(362 (2.1521e-04 0 0))
(363 (2.1491e-04 0 0))
(364 (2.1491e-04 0 0))
(365 (2.1480e-04 0 0))
(366 (2.1468e-04 0 0))
(367 (2.1466e-04 0 0))
(368 (2.1437e-04 0 0))
(369 (2.1438e-04 0 0))
(370 (2.1437e-04 0 0))
(371 (2.1407e-04 0 0))
(372 (2.1407e-04 0 0))
(373 (2.1406e-04 0 0))
(374 (2.1375e-04 0 0))
(375 (2.1376e-04 0 0))
(376 (2.1375e-04 0 0))
(377 (2.1347e-04 0 0))
(378 (2.1347e-04 0 0))
(379 (2.1334e-04 0 0))
(380 (2.1333e-04 0 0))
(381 (2.1305e-04 0 0))
(382 (2.1306e-04 0 0))
(383 (2.1304e-04 0 0))
(384 (2.1276e-04 0 0))
(385 (2.1276e-04 0 0))
(386 (2.1274e-04 0 0))
(387 (2.1246e-04 0 0))
(388 (2.1246e-04 0 0))
(389 (2.1244e-04 0 0))
(390 (2.1218e-04 0 0))
(391 (2.1218e-04 0 0))
(392 (2.1216e-04 0 0))
(393 (2.1188e-04 0 0))
(394 (2.1188e-04 0 0))
(395 (2.1188e-04 0 0))
(396 (2.1160e-04 0 0))
(397 (2.1161e-04 0 0))
(398 (2.1159e-04 0 0))
(399 (2.1132e-04 0 0))
(400 (2.1133e-04 0 0))
(401 (2.1124e-04 0 0))
(402 (2.1113e-04 0 0))
(403 (2.1112e-04 0 0))
(404 (2.1086e-04 0 0))
(405 (2.1086e-04 0 0))
(406 (2.1085e-04 0 0))
(407 (2.1061e-04 0 0))
(408 (2.1061e-04 0 0))
(409 (2.1059e-04 0 0))
(410 (2.1030e-04 0 0))
(411 (2.1031e-04 0 0))
(412 (2.1030e-04 0 0))
(413 (2.1011e-04 0 0))
(414 (2.1010e-04 0 0))
(415 (2.0993e-04 0 0))
(416 (2.0992e-04 0 0))
(417 (2.0976e-04 0 0))
(418 (2.0976e-04 0 0))
(419 (2.0958e-04 0 0))
(420 (2.0958e-04 0 0))
(421 (2.0943e-04 0 0))
(422 (2.0942e-04 0 0))
(423 (2.0924e-04 0 0))
(424 (2.0924e-04 0 0))
(425 (2.0909e-04 0 0))
(426 (2.0909e-04 0 0))
(427 (2.0890e-04 0 0))
(428 (2.0890e-04 0 0))
(429 (2.0888e-04 0 0))
(430 (2.0859e-04 0 0))
(431 (2.0860e-04 0 0))
(432 (2.0860e-04 0 0))
(433 (2.0845e-04 0 0))
(434 (2.0844e-04 0 0))
(435 (2.0825e-04 0 0))
(436 (2.0825e-04 0 0))
(437 (2.0823e-04 0 0))
(438 (2.0798e-04 0 0))
(439 (2.0799e-04 0 0))
(440 (2.0798e-04 0 0))
(441 (2.0779e-04 0 0))
(442 (2.0779e-04 0 0))
(443 (2.0776e-04 0 0))
(444 (2.0751e-04 0 0))
(445 (2.0752e-04 0 0))
(446 (2.0751e-04 0 0))
(447 (2.0735e-04 0 0))
(448 (2.0734e-04 0 0))
(449 (2.0719e-04 0 0))
(450 (2.0718e-04 0 0))
(451 (2.0715e-04 0 0))
(452 (2.0691e-04 0 0))
(453 (2.0691e-04 0 0))
(454 (2.0691e-04 0 0))
(455 (2.0677e-04 0 0))
(456 (2.0676e-04 0 0))
(457 (2.0660e-04 0 0))
(458 (2.0660e-04 0 0))
(459 (2.0648e-04 0 0))
(460 (2.0647e-04 0 0))
(461 (2.0631e-04 0 0))
(462 (2.0631e-04 0 0))
(463 (2.0620e-04 0 0))
(464 (2.0619e-04 0 0))
(465 (2.0603e-04 0 0))
(466 (2.0603e-04 0 0))
(467 (2.0592e-04 0 0))
(468 (2.0592e-04 0 0))
(469 (2.0576e-04 0 0))
(470 (2.0576e-04 0 0))
(471 (2.0564e-04 0 0))
(472 (2.0564e-04 0 0))
(473 (2.0550e-04 0 0))
(474 (2.0550e-04 0 0))
(475 (2.0547e-04 0 0))
(476 (2.0524e-04 0 0))
(477 (2.0525e-04 0 0))
(478 (2.0525e-04 0 0))
(479 (2.0522e-04 0 0))
(480 (2.0499e-04 0 0))
(481 (2.0499e-04 0 0))
(482 (2.0499e-04 0 0))
(483 (2.0495e-04 0 0))
(484 (2.0473e-04 0 0))
(485 (2.0473e-04 0 0))
(486 (2.0473e-04 0 0))
(487 (2.0471e-04 0 0))
(488 (2.0448e-04 0 0))
(489 (2.0448e-04 0 0))
(490 (2.0448e-04 0 0))
(491 (2.0445e-04 0 0))
(492 (2.0424e-04 0 0))
(493 (2.0425e-04 0 0))
(494 (2.0424e-04 0 0))
(495 (2.0410e-04 0 0))
(496 (2.0410e-04 0 0))
(497 (2.0409e-04 0 0))
(498 (2.0387e-04 0 0))
(499 (2.0388e-04 0 0))
(500 (2.0387e-04 0 0))
(501 (2.0377e-04 0 0))
(502 (2.0376e-04 0 0))
(503 (2.0361e-04 0 0))
(504 (2.0361e-04 0 0))
(505 (2.0360e-04 0 0))
(506 (2.0344e-04 0 0))
(507 (2.0344e-04 0 0))
(508 (2.0342e-04 0 0))
(509 (2.0327e-04 0 0))
(510 (2.0327e-04 0 0))
(511 (2.0326e-04 0 0))
(512 (2.0309e-04 0 0))
(513 (2.0309e-04 0 0))
(514 (2.0308e-04 0 0))
(515 (2.0295e-04 0 0))
(516 (2.0294e-04 0 0))
(517 (2.0293e-04 0 0))
(518 (2.0276e-04 0 0))
(519 (2.0276e-04 0 0))
(520 (2.0275e-04 0 0))
(521 (2.0272e-04 0 0))
(522 (2.0253e-04 0 0))
(523 (2.0253e-04 0 0))
(524 (2.0253e-04 0 0))
(525 (2.0250e-04 0 0))
(526 (2.0234e-04 0 0))
(527 (2.0234e-04 0 0))
(528 (2.0234e-04 0 0))
(529 (2.0220e-04 0 0))
(530 (2.0219e-04 0 0))
(531 (2.0218e-04 0 0))
(532 (2.0204e-04 0 0))
(533 (2.0204e-04 0 0))
(534 (2.0203e-04 0 0))
(535 (2.0190e-04 0 0))
(536 (2.0189e-04 0 0))
(537 (2.0188e-04 0 0))
(538 (2.0175e-04 0 0))
(539 (2.0175e-04 0 0))
(540 (2.0173e-04 0 0))
(541 (2.0159e-04 0 0))
(542 (2.0159e-04 0 0))
(543 (2.0158e-04 0 0))
(544 (2.0155e-04 0 0))
(545 (2.0139e-04 0 0))
(546 (2.0139e-04 0 0))
(547 (2.0139e-04 0 0))
(548 (2.0136e-04 0 0))
(549 (2.0120e-04 0 0))
(550 (2.0120e-04 0 0))
(551 (2.0119e-04 0 0))
(552 (2.0110e-04 0 0))
(553 (2.0110e-04 0 0))
(554 (2.0108e-04 0 0))
(555 (2.0093e-04 0 0))
(556 (2.0093e-04 0 0))
(557 (2.0093e-04 0 0))
(558 (2.0091e-04 0 0))
(559 (2.0074e-04 0 0))
(560 (2.0074e-04 0 0))
(561 (2.0074e-04 0 0))
(562 (2.0072e-04 0 0))
(563 (2.0071e-04 0 0))
(564 (2.0051e-04 0 0))
(565 (2.0051e-04 0 0))
(566 (2.0051e-04 0 0))
(567 (2.0050e-04 0 0))
(568 (2.0047e-04 0 0))
(569 (2.0032e-04 0 0))
(570 (2.0032e-04 0 0))
(571 (2.0032e-04 0 0))
(572 (2.0030e-04 0 0))
(573 (2.0017e-04 0 0))
(574 (2.0017e-04 0 0))
(575 (2.0016e-04 0 0))
(576 (2.0006e-04 0 0))
(577 (2.0006e-04 0 0))
(578 (2.0005e-04 0 0))
(579 (2.0003e-04 0 0))
(580 (1.9987e-04 0 0))
(581 (1.9987e-04 0 0))
(582 (1.9987e-04 0 0))
(583 (1.9986e-04 0 0))
(584 (1.9974e-04 0 0))
(585 (1.9974e-04 0 0))
(586 (1.9973e-04 0 0))
(587 (1.9971e-04 0 0))
(588 (1.9957e-04 0 0))
(589 (1.9957e-04 0 0))
(590 (1.9957e-04 0 0))
(591 (1.9956e-04 0 0))
(592 (1.9953e-04 0 0))
(593 (1.9938e-04 0 0))
(594 (1.9938e-04 0 0))
(595 (1.9938e-04 0 0))
(596 (1.9936e-04 0 0))
(597 (1.9934e-04 0 0))
(598 (1.9931e-04 0 0))
(599 (1.9916e-04 0 0))
(600 (1.9916e-04 0 0))
(601 (1.9916e-04 0 0))
(602 (1.9915e-04 0 0))
(603 (1.9913e-04 0 0))
(604 (1.9900e-04 0 0))
(605 (1.9900e-04 0 0))
(606 (1.9900e-04 0 0))
(607 (1.9899e-04 0 0))
(608 (1.9896e-04 0 0))
(609 (1.9884e-04 0 0))
(610 (1.9884e-04 0 0))
(611 (1.9884e-04 0 0))
(612 (1.9883e-04 0 0))
(613 (1.9881e-04 0 0))
(614 (1.9867e-04 0 0))
(615 (1.9867e-04 0 0))
(616 (1.9867e-04 0 0))
(617 (1.9866e-04 0 0))
(618 (1.9864e-04 0 0))
(619 (1.9861e-04 0 0))
(620 (1.9859e-04 0 0))
(621 (1.9846e-04 0 0))
(622 (1.9846e-04 0 0))
(623 (1.9845e-04 0 0))
(624 (1.9845e-04 0 0))
(625 (1.9843e-04 0 0))
(626 (1.9833e-04 0 0))
(627 (1.9833e-04 0 0))
(628 (1.9833e-04 0 0))
(629 (1.9831e-04 0 0))
(630 (1.9830e-04 0 0))
(631 (1.9827e-04 0 0))
(632 (1.9815e-04 0 0))
(633 (1.9815e-04 0 0))
(634 (1.9815e-04 0 0))
(635 (1.9814e-04 0 0))
(636 (1.9813e-04 0 0))
(637 (1.9811e-04 0 0))
(638 (1.9808e-04 0 0))
(639 (1.9806e-04 0 0))
(640 (1.9804e-04 0 0))
(641 (1.9791e-04 0 0))
(642 (1.9791e-04 0 0))
(643 (1.9791e-04 0 0))
(644 (1.9790e-04 0 0))
(645 (1.9789e-04 0 0))
(646 (1.9783e-04 0 0))
(647 (1.9782e-04 0 0))
(648 (1.9782e-04 0 0))
(649 (1.9780e-04 0 0))
(650 (1.9778e-04 0 0))
(651 (1.9777e-04 0 0))
(652 (1.9767e-04 0 0))
(653 (1.9767e-04 0 0))
(654 (1.9766e-04 0 0))
(655 (1.9766e-04 0 0))
(656 (1.9765e-04 0 0))
(657 (1.9763e-04 0 0))
(658 (1.9761e-04 0 0))
(659 (1.9760e-04 0 0))
(660 (1.9757e-04 0 0))
(661 (1.9756e-04 0 0))
(662 (1.9754e-04 0 0))
(663 (1.9752e-04 0 0))
(664 (1.9742e-04 0 0))
(665 (1.9742e-04 0 0))
(666 (1.9742e-04 0 0))
(667 (1.9741e-04 0 0))
(668 (1.9741e-04 0 0))
(669 (1.9740e-04 0 0))
(670 (1.9739e-04 0 0))
(671 (1.9737e-04 0 0))
(672 (1.9736e-04 0 0))
(673 (1.9735e-04 0 0))
(674 (1.9733e-04 0 0))
(675 (1.9731e-04 0 0))
(676 (1.9729e-04 0 0))
(677 (1.9728e-04 0 0))
(678 (1.9727e-04 0 0))
(679 (1.9726e-04 0 0))
(680 (1.9718e-04 0 0))
(681 (1.9718e-04 0 0))
(682 (1.9717e-04 0 0))
(683 (1.9717e-04 0 0))
(684 (1.9716e-04 0 0))
(685 (1.9716e-04 0 0))
(686 (1.9715e-04 0 0))
(687 (1.9714e-04 0 0))
(688 (1.9713e-04 0 0))
(689 (1.9712e-04 0 0))
(690 (1.9712e-04 0 0))
(691 (1.9711e-04 0 0))
(692 (1.9710e-04 0 0))
(693 (1.9709e-04 0 0))
(694 (1.9708e-04 0 0))
(695 (1.9708e-04 0 0))
(696 (1.9707e-04 0 0))
(697 (1.9706e-04 0 0))
(698 (1.9705e-04 0 0))
(699 (1.9705e-04 0 0))
(700 (1.9704e-04 0 0))
(701 (1.9704e-04 0 0))
(702 (1.9703e-04 0 0))
(703 (1.9703e-04 0 0))
(704 (1.9702e-04 0 0))
(705 (1.9702e-04 0 0))
(706 (1.9702e-04 0 0))
(707 (1.9702e-04 0 0))
(708 (1.9701e-04 0 0))
(709 (1.9701e-04 0 0))
(710 (1.9701e-04 0 0))
(711 (1.9700e-04 0 0))
(712 (1.9700e-04 0 0))
(713 (1.9700e-04 0 0))
(714 (1.9700e-04 0 0))
(715 (1.9699e-04 0 0))
(716 (1.9699e-04 0 0))
(717 (1.9699e-04 0 0))
(718 (1.9698e-04 0 0))
(719 (1.9698e-04 0 0))
(720 (1.9697e-04 0 0))
(721 (1.9697e-04 0 0))
(722 (1.9696e-04 0 0))
(723 (1.9696e-04 0 0))
(724 (1.9695e-04 0 0))
(725 (1.9695e-04 0 0))
(726 (1.9694e-04 0 0))
(727 (1.9694e-04 0 0))
(728 (1.9693e-04 0 0))
(729 (1.9692e-04 0 0))
(730 (1.9692e-04 0 0))
(731 (1.9691e-04 0 0))
(732 (1.9690e-04 0 0))
(733 (1.9690e-04 0 0))
(734 (1.9689e-04 0 0))
(735 (1.9689e-04 0 0))
(736 (1.9688e-04 0 0))
(737 (1.9687e-04 0 0))
(738 (1.9686e-04 0 0))
(739 (1.9686e-04 0 0))
(740 (1.9685e-04 0 0))
(741 (1.9684e-04 0 0))
(742 (1.9683e-04 0 0))
(743 (1.9682e-04 0 0))
(744 (1.9681e-04 0 0))
(745 (1.9680e-04 0 0))
(746 (1.9680e-04 0 0))
(747 (1.9679e-04 0 0))
(748 (1.9678e-04 0 0))
(749 (1.9677e-04 0 0))
(750 (1.9677e-04 0 0))
(751 (1.9676e-04 0 0))
(752 (1.9675e-04 0 0))
(753 (1.9674e-04 0 0))
(754 (1.9673e-04 0 0))
(755 (1.9672e-04 0 0))
(756 (1.9672e-04 0 0))
(757 (1.9671e-04 0 0))
(758 (1.9670e-04 0 0))
(759 (1.9669e-04 0 0))
(760 (1.9669e-04 0 0))
(761 (1.9668e-04 0 0))
(762 (1.9667e-04 0 0))
(763 (1.9666e-04 0 0))
(764 (1.9665e-04 0 0))
(765 (1.9665e-04 0 0))
(766 (1.9664e-04 0 0))
(767 (1.9664e-04 0 0))
(768 (1.9663e-04 0 0))
(769 (1.9662e-04 0 0))
(770 (1.9661e-04 0 0))
(771 (1.9660e-04 0 0))
(772 (1.9659e-04 0 0))
(773 (1.9658e-04 0 0))
(774 (1.9657e-04 0 0))
(775 (1.9656e-04 0 0))
(776 (1.9656e-04 0 0))
(777 (1.9655e-04 0 0))
(778 (1.9654e-04 0 0))
(779 (1.9654e-04 0 0))
(780 (1.9652e-04 0 0))
(781 (1.9652e-04 0 0))
(782 (1.9651e-04 0 0))
(783 (1.9651e-04 0 0))
(784 (1.9650e-04 0 0))
(785 (1.9650e-04 0 0))
(786 (1.9649e-04 0 0))
(787 (1.9648e-04 0 0))
(788 (1.9648e-04 0 0))
(789 (1.9647e-04 0 0))
(790 (1.9646e-04 0 0))
(791 (1.9645e-04 0 0))
(792 (1.9644e-04 0 0))
(793 (1.9644e-04 0 0))
(794 (1.9643e-04 0 0))
(795 (1.9643e-04 0 0))
(796 (1.9642e-04 0 0))
(797 (1.9641e-04 0 0))
(798 (1.9641e-04 0 0))
(799 (1.9640e-04 0 0))
(800 (1.9640e-04 0 0))
(801 (1.9639e-04 0 0))
(802 (1.9639e-04 0 0))
(803 (1.9638e-04 0 0))
(804 (1.9638e-04 0 0))
(805 (1.9637e-04 0 0))
(806 (1.9637e-04 0 0))
(807 (1.9637e-04 0 0))
(808 (1.9636e-04 0 0))
(809 (1.9635e-04 0 0))
(810 (1.9634e-04 0 0))
(811 (1.9634e-04 0 0))
(812 (1.9633e-04 0 0))
(813 (1.9633e-04 0 0))
(814 (1.9632e-04 0 0))
(815 (1.9632e-04 0 0))
(816 (1.9631e-04 0 0))
(817 (1.9631e-04 0 0))
(818 (1.9631e-04 0 0))
(819 (1.9630e-04 0 0))
(820 (1.9630e-04 0 0))
(821 (1.9630e-04 0 0))
(822 (1.9629e-04 0 0))
(823 (1.9629e-04 0 0))
(824 (1.9628e-04 0 0))
(825 (1.9628e-04 0 0))
(826 (1.9627e-04 0 0))
(827 (1.9627e-04 0 0))
(828 (1.9627e-04 0 0))
(829 (1.9626e-04 0 0))
(830 (1.9626e-04 0 0))
(831 (1.9626e-04 0 0))
(832 (1.9625e-04 0 0))
(833 (1.9625e-04 0 0))
(834 (1.9625e-04 0 0))
(835 (1.9625e-04 0 0))
(836 (1.9624e-04 0 0))
(837 (1.9624e-04 0 0))
(838 (1.9624e-04 0 0))
(839 (1.9624e-04 0 0))
(840 (1.9624e-04 0 0))
(841 (1.9624e-04 0 0))
(842 (1.9623e-04 0 0))
(843 (1.9623e-04 0 0))
(844 (1.9623e-04 0 0))
(845 (1.9623e-04 0 0))
(846 (1.9623e-04 0 0))
(847 (1.9623e-04 0 0))
(848 (1.9623e-04 0 0))
(849 (1.9623e-04 0 0))
(850 (1.9623e-04 0 0))
(851 (1.9623e-04 0 0))
(852 (1.9623e-04 0 0))
(853 (1.9622e-04 0 0))
(854 (1.9622e-04 0 0))
(855 (1.9622e-04 0 0))
(856 (1.9622e-04 0 0))
(857 (1.9622e-04 0 0))
(858 (1.9622e-04 0 0))
(859 (1.9622e-04 0 0))
(860 (1.9622e-04 0 0))
(861 (1.9622e-04 0 0))
(862 (1.9622e-04 0 0))
(863 (1.9622e-04 0 0))
(864 (1.9622e-04 0 0))
(865 (1.9622e-04 0 0))
(866 (1.9622e-04 0 0))
(867 (1.9623e-04 0 0))
(868 (1.9623e-04 0 0))
(869 (1.9623e-04 0 0))
(870 (1.9623e-04 0 0))
(871 (1.9623e-04 0 0))
(872 (1.9623e-04 0 0))
(873 (1.9624e-04 0 0))
(874 (1.9624e-04 0 0))
(875 (1.9624e-04 0 0))
(876 (1.9624e-04 0 0))
(877 (1.9625e-04 0 0))
(878 (1.9625e-04 0 0))
(879 (1.9625e-04 0 0))
(880 (1.9625e-04 0 0))
(881 (1.9626e-04 0 0))
(882 (1.9626e-04 0 0))
(883 (1.9626e-04 0 0))
(884 (1.9626e-04 0 0))
(885 (1.9627e-04 0 0))
(886 (1.9627e-04 0 0))
(887 (1.9628e-04 0 0))
(888 (1.9628e-04 0 0))
(889 (1.9629e-04 0 0))
(890 (1.9629e-04 0 0))
(891 (1.9630e-04 0 0))
(892 (1.9630e-04 0 0))
(893 (1.9630e-04 0 0))
(894 (1.9631e-04 0 0))
(895 (1.9631e-04 0 0))
(896 (1.9632e-04 0 0))
(897 (1.9632e-04 0 0))
(898 (1.9633e-04 0 0))
(899 (1.9633e-04 0 0))
(900 (1.9634e-04 0 0))
(901 (1.9634e-04 0 0))
(902 (1.9634e-04 0 0))
(903 (1.9635e-04 0 0))
(904 (1.9636e-04 0 0))
(905 (1.9636e-04 0 0))
(906 (1.9637e-04 0 0))
(907 (1.9637e-04 0 0))
(908 (1.9639e-04 0 0))
(909 (1.9639e-04 0 0))
(910 (1.9644e-04 0 0))
(911 (1.9644e-04 0 0))
(912 (1.9644e-04 0 0))
(913 (1.9644e-04 0 0))
(914 (1.9644e-04 0 0))
(915 (1.9644e-04 0 0))
(916 (1.9644e-04 0 0))
(917 (1.9645e-04 0 0))
(918 (1.9645e-04 0 0))
(919 (1.9646e-04 0 0))
(920 (1.9646e-04 0 0))
(921 (1.9647e-04 0 0))
(922 (1.9648e-04 0 0))
(923 (1.9648e-04 0 0))
(924 (1.9649e-04 0 0))
(925 (1.9650e-04 0 0))
(926 (1.9650e-04 0 0))
(927 (1.9651e-04 0 0))
(928 (1.9652e-04 0 0))
(929 (1.9652e-04 0 0))
(930 (1.9653e-04 0 0))
(931 (1.9654e-04 0 0))
(932 (1.9655e-04 0 0))
(933 (1.9656e-04 0 0))
(934 (1.9656e-04 0 0))
(935 (1.9657e-04 0 0))
(936 (1.9658e-04 0 0))
(937 (1.9659e-04 0 0))
(938 (1.9659e-04 0 0))
(939 (1.9664e-04 0 0))
(940 (1.9664e-04 0 0))
(941 (1.9665e-04 0 0))
(942 (1.9665e-04 0 0))
(943 (1.9665e-04 0 0))
(944 (1.9665e-04 0 0))
(945 (1.9665e-04 0 0))
(946 (1.9666e-04 0 0))
(947 (1.9666e-04 0 0))
(948 (1.9667e-04 0 0))
(949 (1.9668e-04 0 0))
(950 (1.9669e-04 0 0))
(951 (1.9669e-04 0 0))
(952 (1.9670e-04 0 0))
(953 (1.9671e-04 0 0))
(954 (1.9672e-04 0 0))
(955 (1.9673e-04 0 0))
(956 (1.9673e-04 0 0))
(957 (1.9674e-04 0 0))
(958 (1.9674e-04 0 0))
(959 (1.9675e-04 0 0))
(960 (1.9676e-04 0 0))
(961 (1.9677e-04 0 0))
(962 (1.9677e-04 0 0))
(963 (1.9678e-04 0 0))
(964 (1.9679e-04 0 0))
(965 (1.9680e-04 0 0))
(966 (1.9680e-04 0 0))
(967 (1.9681e-04 0 0))
(968 (1.9682e-04 0 0))
(969 (1.9683e-04 0 0))
(970 (1.9683e-04 0 0))
(971 (1.9684e-04 0 0))
(972 (1.9685e-04 0 0))
(973 (1.9686e-04 0 0))
(974 (1.9686e-04 0 0))
(975 (1.9687e-04 0 0))
(976 (1.9687e-04 0 0))
(977 (1.9688e-04 0 0))
(978 (1.9688e-04 0 0))
(979 (1.9689e-04 0 0))
(980 (1.9689e-04 0 0))
(981 (1.9690e-04 0 0))
(982 (1.9690e-04 0 0))
(983 (1.9691e-04 0 0))
(984 (1.9691e-04 0 0))
(985 (1.9692e-04 0 0))
(986 (1.9692e-04 0 0))
(987 (1.9693e-04 0 0))
(988 (1.9694e-04 0 0))
(989 (1.9694e-04 0 0))
(990 (1.9695e-04 0 0))
(991 (1.9695e-04 0 0))
(992 (1.9696e-04 0 0))
(993 (1.9696e-04 0 0))
(994 (1.9696e-04 0 0))
(995 (1.9697e-04 0 0))
(996 (1.9697e-04 0 0))
(997 (1.9697e-04 0 0))
(998 (1.9698e-04 0 0))
(999 (1.9698e-04 0 0))
