(000 (-1.9239e-04 0 0))
(001 (-1.9239e-04 0 0))
(002 (-1.9239e-04 0 0))
(003 (-1.9239e-04 0 0))
(004 (-1.9239e-04 0 0))
(005 (-1.9239e-04 0 0))
(006 (-1.9239e-04 0 0))
(007 (-1.9239e-04 0 0))
(008 (-1.9239e-04 0 0))
(009 (-1.9239e-04 0 0))
(010 (-1.9239e-04 0 0))
(011 (-1.9239e-04 0 0))
(012 (-1.9239e-04 0 0))
(013 (-1.9239e-04 0 0))
(014 (-1.9239e-04 0 0))
(015 (-1.9239e-04 0 0))
(016 (-1.9239e-04 0 0))
(017 (-1.9239e-04 0 0))
(018 (-1.9239e-04 0 0))
(019 (-1.9239e-04 0 0))
(020 (-1.9239e-04 0 0))
(021 (-1.9239e-04 0 0))
(022 (-1.9239e-04 0 0))
(023 (-1.9239e-04 0 0))
(024 (-1.9239e-04 0 0))
(025 (-1.9239e-04 0 0))
(026 (-1.9239e-04 0 0))
(027 (-1.9239e-04 0 0))
(028 (-1.9239e-04 0 0))
(029 (-1.9239e-04 0 0))
(030 (-1.9239e-04 0 0))
(031 (-1.9239e-04 0 0))
(032 (-1.9239e-04 0 0))
(033 (-1.9239e-04 0 0))
(034 (-1.9239e-04 0 0))
(035 (-1.9239e-04 0 0))
(036 (-1.9239e-04 0 0))
(037 (-1.9239e-04 0 0))
(038 (-1.9239e-04 0 0))
(039 (-1.9239e-04 0 0))
(040 (-1.9239e-04 0 0))
(041 (-1.9239e-04 0 0))
(042 (-1.9239e-04 0 0))
(043 (-1.9239e-04 0 0))
(044 (-1.9239e-04 0 0))
(045 (-1.9239e-04 0 0))
(046 (-1.9239e-04 0 0))
(047 (-1.9239e-04 0 0))
(048 (-1.9239e-04 0 0))
(049 (-1.9239e-04 0 0))
(050 (-1.9239e-04 0 0))
(051 (-1.9239e-04 0 0))
(052 (-1.9239e-04 0 0))
(053 (-1.9239e-04 0 0))
(054 (-1.9239e-04 0 0))
(055 (-1.9239e-04 0 0))
(056 (-1.9239e-04 0 0))
(057 (-1.8838e-04 0 0))
(058 (-1.7969e-04 0 0))
(059 (-1.6874e-04 0 0))
(060 (-1.5731e-04 0 0))
(061 (-1.4644e-04 0 0))
(062 (-1.3668e-04 0 0))
(063 (-1.2827e-04 0 0))
(064 (-1.2123e-04 0 0))
(065 (-1.1548e-04 0 0))
(066 (-1.1084e-04 0 0))
(067 (-1.0708e-04 0 0))
(068 (-1.0400e-04 0 0))
(069 (-1.0142e-04 0 0))
(070 (-9.9213e-05 0 0))
(071 (-9.7290e-05 0 0))
(072 (-9.5590e-05 0 0))
(073 (-9.4070e-05 0 0))
(074 (-9.2699e-05 0 0))
(075 (-9.1453e-05 0 0))
(076 (-9.0315e-05 0 0))
(077 (-8.9269e-05 0 0))
(078 (-8.8364e-05 0 0))
(079 (-8.7399e-05 0 0))
(080 (-8.6575e-05 0 0))
(081 (-8.5795e-05 0 0))
(082 (-8.5066e-05 0 0))
(083 (-8.4381e-05 0 0))
(084 (-8.3735e-05 0 0))
(085 (-8.3127e-05 0 0))
(086 (-8.2550e-05 0 0))
(087 (-8.2005e-05 0 0))
(088 (-8.1486e-05 0 0))
(089 (-8.0992e-05 0 0))
(090 (-8.0522e-05 0 0))
(091 (-8.0073e-05 0 0))
(092 (-7.9644e-05 0 0))
(093 (-7.9234e-05 0 0))
(094 (-7.8841e-05 0 0))
(095 (-7.8465e-05 0 0))
(096 (-7.8101e-05 0 0))
(097 (-7.7753e-05 0 0))
(098 (-7.7419e-05 0 0))
(099 (-7.7097e-05 0 0))
(100 (-7.6787e-05 0 0))
(101 (-7.6486e-05 0 0))
(102 (-7.6198e-05 0 0))
(103 (-7.5918e-05 0 0))
(104 (-7.5650e-05 0 0))
(105 (-7.5388e-05 0 0))
(106 (-7.5137e-05 0 0))
(107 (-7.4892e-05 0 0))
(108 (-7.4654e-05 0 0))
(109 (-7.4428e-05 0 0))
(110 (-7.4204e-05 0 0))
(111 (-7.3990e-05 0 0))
(112 (-7.3780e-05 0 0))
(113 (-7.3578e-05 0 0))
(114 (-7.3380e-05 0 0))
(115 (-7.3191e-05 0 0))
(116 (-7.3004e-05 0 0))
(117 (-7.2825e-05 0 0))
(118 (-7.2648e-05 0 0))
(119 (-7.2480e-05 0 0))
(120 (-7.2313e-05 0 0))
(121 (-7.2153e-05 0 0))
(122 (-7.1993e-05 0 0))
(123 (-7.1844e-05 0 0))
(124 (-7.1694e-05 0 0))
(125 (-7.1551e-05 0 0))
(126 (-7.1410e-05 0 0))
(127 (-7.1270e-05 0 0))
(128 (-7.1141e-05 0 0))
(129 (-7.1009e-05 0 0))
(130 (-7.0885e-05 0 0))
(131 (-7.0760e-05 0 0))
(132 (-7.0643e-05 0 0))
(133 (-7.0523e-05 0 0))
(134 (-7.0411e-05 0 0))
(135 (-7.0299e-05 0 0))
(136 (-7.0192e-05 0 0))
(137 (-7.0086e-05 0 0))
(138 (-6.9984e-05 0 0))
(139 (-6.9884e-05 0 0))
(140 (-6.9786e-05 0 0))
(141 (-6.9691e-05 0 0))
(142 (-6.9599e-05 0 0))
(143 (-6.9509e-05 0 0))
(144 (-6.9420e-05 0 0))
(145 (-6.9335e-05 0 0))
(146 (-6.9251e-05 0 0))
(147 (-6.9171e-05 0 0))
(148 (-6.9090e-05 0 0))
(149 (-6.9014e-05 0 0))
(150 (-6.8933e-05 0 0))
(151 (-6.8866e-05 0 0))
(152 (-6.8792e-05 0 0))
(153 (-6.8722e-05 0 0))
(154 (-6.8654e-05 0 0))
(155 (-6.8588e-05 0 0))
(156 (-6.8522e-05 0 0))
(157 (-6.8459e-05 0 0))
(158 (-6.8397e-05 0 0))
(159 (-6.8341e-05 0 0))
(160 (-6.8275e-05 0 0))
(161 (-6.8223e-05 0 0))
(162 (-6.8164e-05 0 0))
(163 (-6.8112e-05 0 0))
(164 (-6.8057e-05 0 0))
(165 (-6.8007e-05 0 0))
(166 (-6.7956e-05 0 0))
(167 (-6.7906e-05 0 0))
(168 (-6.7858e-05 0 0))
(169 (-6.7812e-05 0 0))
(170 (-6.7766e-05 0 0))
(171 (-6.7720e-05 0 0))
(172 (-6.7678e-05 0 0))
(173 (-6.7634e-05 0 0))
(174 (-6.7595e-05 0 0))
(175 (-6.7554e-05 0 0))
(176 (-6.7514e-05 0 0))
(177 (-6.7476e-05 0 0))
(178 (-6.7438e-05 0 0))
(179 (-6.7401e-05 0 0))
(180 (-6.7367e-05 0 0))
(181 (-6.7331e-05 0 0))
(182 (-6.7297e-05 0 0))
(183 (-6.7263e-05 0 0))
(184 (-6.7232e-05 0 0))
(185 (-6.7198e-05 0 0))
(186 (-6.7168e-05 0 0))
(187 (-6.7140e-05 0 0))
(188 (-6.7107e-05 0 0))
(189 (-6.7079e-05 0 0))
(190 (-6.7050e-05 0 0))
(191 (-6.7022e-05 0 0))
(192 (-6.6995e-05 0 0))
(193 (-6.6968e-05 0 0))
(194 (-6.6941e-05 0 0))
(195 (-6.6917e-05 0 0))
(196 (-6.6891e-05 0 0))
(197 (-6.6833e-05 0 0))
(198 (-6.6867e-05 0 0))
(199 (-6.6802e-05 0 0))
(200 (-6.6808e-05 0 0))
(201 (-6.6773e-05 0 0))
(202 (-6.6751e-05 0 0))
(203 (-6.6730e-05 0 0))
(204 (-6.6707e-05 0 0))
(205 (-6.6687e-05 0 0))
(206 (-6.6665e-05 0 0))
(207 (-6.6645e-05 0 0))
(208 (-6.6624e-05 0 0))
(209 (-6.6605e-05 0 0))
(210 (-6.6562e-05 0 0))
(211 (-6.6583e-05 0 0))
(212 (-6.6532e-05 0 0))
(213 (-6.6538e-05 0 0))
(214 (-6.6510e-05 0 0))
(215 (-6.6463e-05 0 0))
(216 (-6.6492e-05 0 0))
(217 (-6.6441e-05 0 0))
(218 (-6.6449e-05 0 0))
(219 (-6.6424e-05 0 0))
(220 (-6.6380e-05 0 0))
(221 (-6.6401e-05 0 0))
(222 (-6.6357e-05 0 0))
(223 (-6.6358e-05 0 0))
(224 (-6.6331e-05 0 0))
(225 (-6.6320e-05 0 0))
(226 (-6.6300e-05 0 0))
(227 (-6.6263e-05 0 0))
(228 (-6.6281e-05 0 0))
(229 (-6.6265e-05 0 0))
(230 (-6.6225e-05 0 0))
(231 (-6.6228e-05 0 0))
(232 (-6.6202e-05 0 0))
(233 (-6.6160e-05 0 0))
(234 (-6.6190e-05 0 0))
(235 (-6.6145e-05 0 0))
(236 (-6.6148e-05 0 0))
(237 (-6.6124e-05 0 0))
(238 (-6.6086e-05 0 0))
(239 (-6.6107e-05 0 0))
(240 (-6.6068e-05 0 0))
(241 (-6.6068e-05 0 0))
(242 (-6.6042e-05 0 0))
(243 (-6.6032e-05 0 0))
(244 (-6.6000e-05 0 0))
(245 (-6.6008e-05 0 0))
(246 (-6.5986e-05 0 0))
(247 (-6.5948e-05 0 0))
(248 (-6.5964e-05 0 0))
(249 (-6.5949e-05 0 0))
(250 (-6.5911e-05 0 0))
(251 (-6.5911e-05 0 0))
(252 (-6.5886e-05 0 0))
(253 (-6.5874e-05 0 0))
(254 (-6.5842e-05 0 0))
(255 (-6.5851e-05 0 0))
(256 (-6.5830e-05 0 0))
(257 (-6.5804e-05 0 0))
(258 (-6.5795e-05 0 0))
(259 (-6.5763e-05 0 0))
(260 (-6.5770e-05 0 0))
(261 (-6.5747e-05 0 0))
(262 (-6.5708e-05 0 0))
(263 (-6.5722e-05 0 0))
(264 (-6.5703e-05 0 0))
(265 (-6.5661e-05 0 0))
(266 (-6.5672e-05 0 0))
(267 (-6.5650e-05 0 0))
(268 (-6.5609e-05 0 0))
(269 (-6.5621e-05 0 0))
(270 (-6.5587e-05 0 0))
(271 (-6.5584e-05 0 0))
(272 (-6.5554e-05 0 0))
(273 (-6.5546e-05 0 0))
(274 (-6.5513e-05 0 0))
(275 (-6.5517e-05 0 0))
(276 (-6.5491e-05 0 0))
(277 (-6.5450e-05 0 0))
(278 (-6.5468e-05 0 0))
(279 (-6.5450e-05 0 0))
(280 (-6.5409e-05 0 0))
(281 (-6.5410e-05 0 0))
(282 (-6.5382e-05 0 0))
(283 (-6.5371e-05 0 0))
(284 (-6.5336e-05 0 0))
(285 (-6.5342e-05 0 0))
(286 (-6.5317e-05 0 0))
(287 (-6.5295e-05 0 0))
(288 (-6.5253e-05 0 0))
(289 (-6.5277e-05 0 0))
(290 (-6.5232e-05 0 0))
(291 (-6.5230e-05 0 0))
(292 (-6.5200e-05 0 0))
(293 (-6.5190e-05 0 0))
(294 (-6.5156e-05 0 0))
(295 (-6.5158e-05 0 0))
(296 (-6.5129e-05 0 0))
(297 (-6.5114e-05 0 0))
(298 (-6.5074e-05 0 0))
(299 (-6.5087e-05 0 0))
(300 (-6.5064e-05 0 0))
(301 (-6.5020e-05 0 0))
(302 (-6.5027e-05 0 0))
(303 (-6.5002e-05 0 0))
(304 (-6.4957e-05 0 0))
(305 (-6.4975e-05 0 0))
(306 (-6.4938e-05 0 0))
(307 (-6.4927e-05 0 0))
(308 (-6.4890e-05 0 0))
(309 (-6.4893e-05 0 0))
(310 (-6.4864e-05 0 0))
(311 (-6.4846e-05 0 0))
(312 (-6.4808e-05 0 0))
(313 (-6.4817e-05 0 0))
(314 (-6.4793e-05 0 0))
(315 (-6.4747e-05 0 0))
(316 (-6.4763e-05 0 0))
(317 (-6.4722e-05 0 0))
(318 (-6.4716e-05 0 0))
(319 (-6.4681e-05 0 0))
(320 (-6.4674e-05 0 0))
(321 (-6.4640e-05 0 0))
(322 (-6.4636e-05 0 0))
(323 (-6.4604e-05 0 0))
(324 (-6.4596e-05 0 0))
(325 (-6.4560e-05 0 0))
(326 (-6.4558e-05 0 0))
(327 (-6.4526e-05 0 0))
(328 (-6.4516e-05 0 0))
(329 (-6.4479e-05 0 0))
(330 (-6.4479e-05 0 0))
(331 (-6.4449e-05 0 0))
(332 (-6.4436e-05 0 0))
(333 (-6.4398e-05 0 0))
(334 (-6.4402e-05 0 0))
(335 (-6.4375e-05 0 0))
(336 (-6.4352e-05 0 0))
(337 (-6.4334e-05 0 0))
(338 (-6.4295e-05 0 0))
(339 (-6.4300e-05 0 0))
(340 (-6.4274e-05 0 0))
(341 (-6.4227e-05 0 0))
(342 (-6.4246e-05 0 0))
(343 (-6.4209e-05 0 0))
(344 (-6.4196e-05 0 0))
(345 (-6.4157e-05 0 0))
(346 (-6.4162e-05 0 0))
(347 (-6.4135e-05 0 0))
(348 (-6.4091e-05 0 0))
(349 (-6.4104e-05 0 0))
(350 (-6.4069e-05 0 0))
(351 (-6.4055e-05 0 0))
(352 (-6.4017e-05 0 0))
(353 (-6.4020e-05 0 0))
(354 (-6.3993e-05 0 0))
(355 (-6.3973e-05 0 0))
(356 (-6.3954e-05 0 0))
(357 (-6.3914e-05 0 0))
(358 (-6.3923e-05 0 0))
(359 (-6.3899e-05 0 0))
(360 (-6.3855e-05 0 0))
(361 (-6.3863e-05 0 0))
(362 (-6.3839e-05 0 0))
(363 (-6.3795e-05 0 0))
(364 (-6.3801e-05 0 0))
(365 (-6.3777e-05 0 0))
(366 (-6.3754e-05 0 0))
(367 (-6.3735e-05 0 0))
(368 (-6.3696e-05 0 0))
(369 (-6.3705e-05 0 0))
(370 (-6.3682e-05 0 0))
(371 (-6.3638e-05 0 0))
(372 (-6.3644e-05 0 0))
(373 (-6.3620e-05 0 0))
(374 (-6.3576e-05 0 0))
(375 (-6.3586e-05 0 0))
(376 (-6.3563e-05 0 0))
(377 (-6.3520e-05 0 0))
(378 (-6.3524e-05 0 0))
(379 (-6.3499e-05 0 0))
(380 (-6.3480e-05 0 0))
(381 (-6.3442e-05 0 0))
(382 (-6.3449e-05 0 0))
(383 (-6.3426e-05 0 0))
(384 (-6.3385e-05 0 0))
(385 (-6.3389e-05 0 0))
(386 (-6.3365e-05 0 0))
(387 (-6.3325e-05 0 0))
(388 (-6.3332e-05 0 0))
(389 (-6.3310e-05 0 0))
(390 (-6.3270e-05 0 0))
(391 (-6.3274e-05 0 0))
(392 (-6.3250e-05 0 0))
(393 (-6.3209e-05 0 0))
(394 (-6.3216e-05 0 0))
(395 (-6.3195e-05 0 0))
(396 (-6.3153e-05 0 0))
(397 (-6.3159e-05 0 0))
(398 (-6.3136e-05 0 0))
(399 (-6.3097e-05 0 0))
(400 (-6.3102e-05 0 0))
(401 (-6.3079e-05 0 0))
(402 (-6.3057e-05 0 0))
(403 (-6.3040e-05 0 0))
(404 (-6.3003e-05 0 0))
(405 (-6.3010e-05 0 0))
(406 (-6.2988e-05 0 0))
(407 (-6.2949e-05 0 0))
(408 (-6.2950e-05 0 0))
(409 (-6.2926e-05 0 0))
(410 (-6.2887e-05 0 0))
(411 (-6.2899e-05 0 0))
(412 (-6.2882e-05 0 0))
(413 (-6.2845e-05 0 0))
(414 (-6.2836e-05 0 0))
(415 (-6.2806e-05 0 0))
(416 (-6.2799e-05 0 0))
(417 (-6.2771e-05 0 0))
(418 (-6.2762e-05 0 0))
(419 (-6.2733e-05 0 0))
(420 (-6.2727e-05 0 0))
(421 (-6.2699e-05 0 0))
(422 (-6.2688e-05 0 0))
(423 (-6.2658e-05 0 0))
(424 (-6.2653e-05 0 0))
(425 (-6.2626e-05 0 0))
(426 (-6.2615e-05 0 0))
(427 (-6.2585e-05 0 0))
(428 (-6.2581e-05 0 0))
(429 (-6.2555e-05 0 0))
(430 (-6.2517e-05 0 0))
(431 (-6.2531e-05 0 0))
(432 (-6.2517e-05 0 0))
(433 (-6.2484e-05 0 0))
(434 (-6.2470e-05 0 0))
(435 (-6.2439e-05 0 0))
(436 (-6.2438e-05 0 0))
(437 (-6.2414e-05 0 0))
(438 (-6.2379e-05 0 0))
(439 (-6.2386e-05 0 0))
(440 (-6.2368e-05 0 0))
(441 (-6.2334e-05 0 0))
(442 (-6.2330e-05 0 0))
(443 (-6.2306e-05 0 0))
(444 (-6.2271e-05 0 0))
(445 (-6.2280e-05 0 0))
(446 (-6.2263e-05 0 0))
(447 (-6.2230e-05 0 0))
(448 (-6.2221e-05 0 0))
(449 (-6.2194e-05 0 0))
(450 (-6.2189e-05 0 0))
(451 (-6.2164e-05 0 0))
(452 (-6.2131e-05 0 0))
(453 (-6.2141e-05 0 0))
(454 (-6.2126e-05 0 0))
(455 (-6.2095e-05 0 0))
(456 (-6.2083e-05 0 0))
(457 (-6.2055e-05 0 0))
(458 (-6.2050e-05 0 0))
(459 (-6.2026e-05 0 0))
(460 (-6.2014e-05 0 0))
(461 (-6.1986e-05 0 0))
(462 (-6.1981e-05 0 0))
(463 (-6.1957e-05 0 0))
(464 (-6.1944e-05 0 0))
(465 (-6.1916e-05 0 0))
(466 (-6.1913e-05 0 0))
(467 (-6.1890e-05 0 0))
(468 (-6.1877e-05 0 0))
(469 (-6.1849e-05 0 0))
(470 (-6.1843e-05 0 0))
(471 (-6.1820e-05 0 0))
(472 (-6.1809e-05 0 0))
(473 (-6.1783e-05 0 0))
(474 (-6.1776e-05 0 0))
(475 (-6.1751e-05 0 0))
(476 (-6.1719e-05 0 0))
(477 (-6.1729e-05 0 0))
(478 (-6.1715e-05 0 0))
(479 (-6.1687e-05 0 0))
(480 (-6.1651e-05 0 0))
(481 (-6.1660e-05 0 0))
(482 (-6.1646e-05 0 0))
(483 (-6.1618e-05 0 0))
(484 (-6.1586e-05 0 0))
(485 (-6.1594e-05 0 0))
(486 (-6.1581e-05 0 0))
(487 (-6.1552e-05 0 0))
(488 (-6.1517e-05 0 0))
(489 (-6.1526e-05 0 0))
(490 (-6.1513e-05 0 0))
(491 (-6.1486e-05 0 0))
(492 (-6.1454e-05 0 0))
(493 (-6.1458e-05 0 0))
(494 (-6.1444e-05 0 0))
(495 (-6.1416e-05 0 0))
(496 (-6.1408e-05 0 0))
(497 (-6.1385e-05 0 0))
(498 (-6.1352e-05 0 0))
(499 (-6.1359e-05 0 0))
(500 (-6.1347e-05 0 0))
(501 (-6.1320e-05 0 0))
(502 (-6.1305e-05 0 0))
(503 (-6.1279e-05 0 0))
(504 (-6.1276e-05 0 0))
(505 (-6.1257e-05 0 0))
(506 (-6.1229e-05 0 0))
(507 (-6.1227e-05 0 0))
(508 (-6.1209e-05 0 0))
(509 (-6.1181e-05 0 0))
(510 (-6.1178e-05 0 0))
(511 (-6.1159e-05 0 0))
(512 (-6.1130e-05 0 0))
(513 (-6.1129e-05 0 0))
(514 (-6.1112e-05 0 0))
(515 (-6.1086e-05 0 0))
(516 (-6.1080e-05 0 0))
(517 (-6.1060e-05 0 0))
(518 (-6.1030e-05 0 0))
(519 (-6.1032e-05 0 0))
(520 (-6.1017e-05 0 0))
(521 (-6.0991e-05 0 0))
(522 (-6.0961e-05 0 0))
(523 (-6.0968e-05 0 0))
(524 (-6.0956e-05 0 0))
(525 (-6.0931e-05 0 0))
(526 (-6.0902e-05 0 0))
(527 (-6.0900e-05 0 0))
(528 (-6.0883e-05 0 0))
(529 (-6.0856e-05 0 0))
(530 (-6.0852e-05 0 0))
(531 (-6.0834e-05 0 0))
(532 (-6.0807e-05 0 0))
(533 (-6.0804e-05 0 0))
(534 (-6.0786e-05 0 0))
(535 (-6.0759e-05 0 0))
(536 (-6.0754e-05 0 0))
(537 (-6.0736e-05 0 0))
(538 (-6.0709e-05 0 0))
(539 (-6.0704e-05 0 0))
(540 (-6.0685e-05 0 0))
(541 (-6.0660e-05 0 0))
(542 (-6.0658e-05 0 0))
(543 (-6.0642e-05 0 0))
(544 (-6.0617e-05 0 0))
(545 (-6.0589e-05 0 0))
(546 (-6.0590e-05 0 0))
(547 (-6.0576e-05 0 0))
(548 (-6.0553e-05 0 0))
(549 (-6.0526e-05 0 0))
(550 (-6.0528e-05 0 0))
(551 (-6.0516e-05 0 0))
(552 (-6.0493e-05 0 0))
(553 (-6.0482e-05 0 0))
(554 (-6.0460e-05 0 0))
(555 (-6.0432e-05 0 0))
(556 (-6.0432e-05 0 0))
(557 (-6.0418e-05 0 0))
(558 (-6.0394e-05 0 0))
(559 (-6.0365e-05 0 0))
(560 (-6.0368e-05 0 0))
(561 (-6.0356e-05 0 0))
(562 (-6.0334e-05 0 0))
(563 (-6.0307e-05 0 0))
(564 (-6.0275e-05 0 0))
(565 (-6.0285e-05 0 0))
(566 (-6.0277e-05 0 0))
(567 (-6.0258e-05 0 0))
(568 (-6.0232e-05 0 0))
(569 (-6.0205e-05 0 0))
(570 (-6.0205e-05 0 0))
(571 (-6.0192e-05 0 0))
(572 (-6.0170e-05 0 0))
(573 (-6.0144e-05 0 0))
(574 (-6.0141e-05 0 0))
(575 (-6.0126e-05 0 0))
(576 (-6.0103e-05 0 0))
(577 (-6.0094e-05 0 0))
(578 (-6.0075e-05 0 0))
(579 (-6.0049e-05 0 0))
(580 (-6.0023e-05 0 0))
(581 (-6.0026e-05 0 0))
(582 (-6.0015e-05 0 0))
(583 (-5.9995e-05 0 0))
(584 (-5.9969e-05 0 0))
(585 (-5.9963e-05 0 0))
(586 (-5.9946e-05 0 0))
(587 (-5.9922e-05 0 0))
(588 (-5.9897e-05 0 0))
(589 (-5.9896e-05 0 0))
(590 (-5.9883e-05 0 0))
(591 (-5.9862e-05 0 0))
(592 (-5.9836e-05 0 0))
(593 (-5.9811e-05 0 0))
(594 (-5.9814e-05 0 0))
(595 (-5.9803e-05 0 0))
(596 (-5.9784e-05 0 0))
(597 (-5.9760e-05 0 0))
(598 (-5.9734e-05 0 0))
(599 (-5.9711e-05 0 0))
(600 (-5.9714e-05 0 0))
(601 (-5.9704e-05 0 0))
(602 (-5.9685e-05 0 0))
(603 (-5.9662e-05 0 0))
(604 (-5.9636e-05 0 0))
(605 (-5.9635e-05 0 0))
(606 (-5.9622e-05 0 0))
(607 (-5.9601e-05 0 0))
(608 (-5.9576e-05 0 0))
(609 (-5.9552e-05 0 0))
(610 (-5.9549e-05 0 0))
(611 (-5.9535e-05 0 0))
(612 (-5.9515e-05 0 0))
(613 (-5.9491e-05 0 0))
(614 (-5.9464e-05 0 0))
(615 (-5.9464e-05 0 0))
(616 (-5.9453e-05 0 0))
(617 (-5.9435e-05 0 0))
(618 (-5.9411e-05 0 0))
(619 (-5.9387e-05 0 0))
(620 (-5.9364e-05 0 0))
(621 (-5.9341e-05 0 0))
(622 (-5.9343e-05 0 0))
(623 (-5.9334e-05 0 0))
(624 (-5.9316e-05 0 0))
(625 (-5.9294e-05 0 0))
(626 (-5.9270e-05 0 0))
(627 (-5.9264e-05 0 0))
(628 (-5.9249e-05 0 0))
(629 (-5.9228e-05 0 0))
(630 (-5.9204e-05 0 0))
(631 (-5.9179e-05 0 0))
(632 (-5.9155e-05 0 0))
(633 (-5.9155e-05 0 0))
(634 (-5.9145e-05 0 0))
(635 (-5.9128e-05 0 0))
(636 (-5.9106e-05 0 0))
(637 (-5.9082e-05 0 0))
(638 (-5.9058e-05 0 0))
(639 (-5.9035e-05 0 0))
(640 (-5.9013e-05 0 0))
(641 (-5.8990e-05 0 0))
(642 (-5.8993e-05 0 0))
(643 (-5.8986e-05 0 0))
(644 (-5.8971e-05 0 0))
(645 (-5.8950e-05 0 0))
(646 (-5.8927e-05 0 0))
(647 (-5.8915e-05 0 0))
(648 (-5.8896e-05 0 0))
(649 (-5.8874e-05 0 0))
(650 (-5.8851e-05 0 0))
(651 (-5.8828e-05 0 0))
(652 (-5.8803e-05 0 0))
(653 (-5.8799e-05 0 0))
(654 (-5.8787e-05 0 0))
(655 (-5.8769e-05 0 0))
(656 (-5.8747e-05 0 0))
(657 (-5.8723e-05 0 0))
(658 (-5.8700e-05 0 0))
(659 (-5.8678e-05 0 0))
(660 (-5.8654e-05 0 0))
(661 (-5.8633e-05 0 0))
(662 (-5.8609e-05 0 0))
(663 (-5.8589e-05 0 0))
(664 (-5.8569e-05 0 0))
(665 (-5.8567e-05 0 0))
(666 (-5.8557e-05 0 0))
(667 (-5.8541e-05 0 0))
(668 (-5.8521e-05 0 0))
(669 (-5.8498e-05 0 0))
(670 (-5.8474e-05 0 0))
(671 (-5.8448e-05 0 0))
(672 (-5.8425e-05 0 0))
(673 (-5.8400e-05 0 0))
(674 (-5.8377e-05 0 0))
(675 (-5.8354e-05 0 0))
(676 (-5.8332e-05 0 0))
(677 (-5.8312e-05 0 0))
(678 (-5.8291e-05 0 0))
(679 (-5.8270e-05 0 0))
(680 (-5.8247e-05 0 0))
(681 (-5.8240e-05 0 0))
(682 (-5.8227e-05 0 0))
(683 (-5.8210e-05 0 0))
(684 (-5.8189e-05 0 0))
(685 (-5.8167e-05 0 0))
(686 (-5.8143e-05 0 0))
(687 (-5.8119e-05 0 0))
(688 (-5.8094e-05 0 0))
(689 (-5.8070e-05 0 0))
(690 (-5.8045e-05 0 0))
(691 (-5.8021e-05 0 0))
(692 (-5.7996e-05 0 0))
(693 (-5.7971e-05 0 0))
(694 (-5.7947e-05 0 0))
(695 (-5.7923e-05 0 0))
(696 (-5.7898e-05 0 0))
(697 (-5.7874e-05 0 0))
(698 (-5.7849e-05 0 0))
(699 (-5.7824e-05 0 0))
(700 (-5.7800e-05 0 0))
(701 (-5.7774e-05 0 0))
(702 (-5.7749e-05 0 0))
(703 (-5.7724e-05 0 0))
(704 (-5.7699e-05 0 0))
(705 (-5.7673e-05 0 0))
(706 (-5.7647e-05 0 0))
(707 (-5.7621e-05 0 0))
(708 (-5.7595e-05 0 0))
(709 (-5.7568e-05 0 0))
(710 (-5.7542e-05 0 0))
(711 (-5.7515e-05 0 0))
(712 (-5.7489e-05 0 0))
(713 (-5.7462e-05 0 0))
(714 (-5.7436e-05 0 0))
(715 (-5.7410e-05 0 0))
(716 (-5.7384e-05 0 0))
(717 (-5.7359e-05 0 0))
(718 (-5.7333e-05 0 0))
(719 (-5.7308e-05 0 0))
(720 (-5.7284e-05 0 0))
(721 (-5.7259e-05 0 0))
(722 (-5.7235e-05 0 0))
(723 (-5.7212e-05 0 0))
(724 (-5.7189e-05 0 0))
(725 (-5.7166e-05 0 0))
(726 (-5.7144e-05 0 0))
(727 (-5.7123e-05 0 0))
(728 (-5.7101e-05 0 0))
(729 (-5.7080e-05 0 0))
(730 (-5.7060e-05 0 0))
(731 (-5.7040e-05 0 0))
(732 (-5.7020e-05 0 0))
(733 (-5.7000e-05 0 0))
(734 (-5.6980e-05 0 0))
(735 (-5.6961e-05 0 0))
(736 (-5.6941e-05 0 0))
(737 (-5.6922e-05 0 0))
(738 (-5.6904e-05 0 0))
(739 (-5.6886e-05 0 0))
(740 (-5.6868e-05 0 0))
(741 (-5.6851e-05 0 0))
(742 (-5.6834e-05 0 0))
(743 (-5.6818e-05 0 0))
(744 (-5.6802e-05 0 0))
(745 (-5.6787e-05 0 0))
(746 (-5.6773e-05 0 0))
(747 (-5.6758e-05 0 0))
(748 (-5.6744e-05 0 0))
(749 (-5.6728e-05 0 0))
(750 (-5.6713e-05 0 0))
(751 (-5.6699e-05 0 0))
(752 (-5.6684e-05 0 0))
(753 (-5.6671e-05 0 0))
(754 (-5.6658e-05 0 0))
(755 (-5.6645e-05 0 0))
(756 (-5.6632e-05 0 0))
(757 (-5.6618e-05 0 0))
(758 (-5.6604e-05 0 0))
(759 (-5.6592e-05 0 0))
(760 (-5.6579e-05 0 0))
(761 (-5.6566e-05 0 0))
(762 (-5.6553e-05 0 0))
(763 (-5.6541e-05 0 0))
(764 (-5.6528e-05 0 0))
(765 (-5.6516e-05 0 0))
(766 (-5.6504e-05 0 0))
(767 (-5.6492e-05 0 0))
(768 (-5.6479e-05 0 0))
(769 (-5.6467e-05 0 0))
(770 (-5.6456e-05 0 0))
(771 (-5.6446e-05 0 0))
(772 (-5.6436e-05 0 0))
(773 (-5.6426e-05 0 0))
(774 (-5.6416e-05 0 0))
(775 (-5.6408e-05 0 0))
(776 (-5.6399e-05 0 0))
(777 (-5.6390e-05 0 0))
(778 (-5.6382e-05 0 0))
(779 (-5.6373e-05 0 0))
(780 (-5.6363e-05 0 0))
(781 (-5.6355e-05 0 0))
(782 (-5.6346e-05 0 0))
(783 (-5.6337e-05 0 0))
(784 (-5.6327e-05 0 0))
(785 (-5.6318e-05 0 0))
(786 (-5.6309e-05 0 0))
(787 (-5.6300e-05 0 0))
(788 (-5.6291e-05 0 0))
(789 (-5.6283e-05 0 0))
(790 (-5.6275e-05 0 0))
(791 (-5.6267e-05 0 0))
(792 (-5.6261e-05 0 0))
(793 (-5.6254e-05 0 0))
(794 (-5.6248e-05 0 0))
(795 (-5.6241e-05 0 0))
(796 (-5.6234e-05 0 0))
(797 (-5.6227e-05 0 0))
(798 (-5.6220e-05 0 0))
(799 (-5.6213e-05 0 0))
(800 (-5.6205e-05 0 0))
(801 (-5.6198e-05 0 0))
(802 (-5.6191e-05 0 0))
(803 (-5.6184e-05 0 0))
(804 (-5.6178e-05 0 0))
(805 (-5.6171e-05 0 0))
(806 (-5.6165e-05 0 0))
(807 (-5.6159e-05 0 0))
(808 (-5.6153e-05 0 0))
(809 (-5.6147e-05 0 0))
(810 (-5.6142e-05 0 0))
(811 (-5.6138e-05 0 0))
(812 (-5.6134e-05 0 0))
(813 (-5.6130e-05 0 0))
(814 (-5.6126e-05 0 0))
(815 (-5.6121e-05 0 0))
(816 (-5.6118e-05 0 0))
(817 (-5.6114e-05 0 0))
(818 (-5.6109e-05 0 0))
(819 (-5.6105e-05 0 0))
(820 (-5.6101e-05 0 0))
(821 (-5.6096e-05 0 0))
(822 (-5.6092e-05 0 0))
(823 (-5.6089e-05 0 0))
(824 (-5.6085e-05 0 0))
(825 (-5.6082e-05 0 0))
(826 (-5.6079e-05 0 0))
(827 (-5.6077e-05 0 0))
(828 (-5.6074e-05 0 0))
(829 (-5.6072e-05 0 0))
(830 (-5.6070e-05 0 0))
(831 (-5.6067e-05 0 0))
(832 (-5.6065e-05 0 0))
(833 (-5.6063e-05 0 0))
(834 (-5.6061e-05 0 0))
(835 (-5.6059e-05 0 0))
(836 (-5.6057e-05 0 0))
(837 (-5.6055e-05 0 0))
(838 (-5.6054e-05 0 0))
(839 (-5.6053e-05 0 0))
(840 (-5.6051e-05 0 0))
(841 (-5.6050e-05 0 0))
(842 (-5.6048e-05 0 0))
(843 (-5.6047e-05 0 0))
(844 (-5.6047e-05 0 0))
(845 (-5.6046e-05 0 0))
(846 (-5.6045e-05 0 0))
(847 (-5.6045e-05 0 0))
(848 (-5.6044e-05 0 0))
(849 (-5.6044e-05 0 0))
(850 (-5.6044e-05 0 0))
(851 (-5.6044e-05 0 0))
(852 (-5.6044e-05 0 0))
(853 (-5.6044e-05 0 0))
(854 (-5.6044e-05 0 0))
(855 (-5.6045e-05 0 0))
(856 (-5.6046e-05 0 0))
(857 (-5.6047e-05 0 0))
(858 (-5.6049e-05 0 0))
(859 (-5.6050e-05 0 0))
(860 (-5.6052e-05 0 0))
(861 (-5.6054e-05 0 0))
(862 (-5.6056e-05 0 0))
(863 (-5.6058e-05 0 0))
(864 (-5.6061e-05 0 0))
(865 (-5.6063e-05 0 0))
(866 (-5.6066e-05 0 0))
(867 (-5.6069e-05 0 0))
(868 (-5.6072e-05 0 0))
(869 (-5.6075e-05 0 0))
(870 (-5.6077e-05 0 0))
(871 (-5.6081e-05 0 0))
(872 (-5.6084e-05 0 0))
(873 (-5.6087e-05 0 0))
(874 (-5.6090e-05 0 0))
(875 (-5.6094e-05 0 0))
(876 (-5.6098e-05 0 0))
(877 (-5.6101e-05 0 0))
(878 (-5.6105e-05 0 0))
(879 (-5.6109e-05 0 0))
(880 (-5.6113e-05 0 0))
(881 (-5.6117e-05 0 0))
(882 (-5.6121e-05 0 0))
(883 (-5.6125e-05 0 0))
(884 (-5.6130e-05 0 0))
(885 (-5.6135e-05 0 0))
(886 (-5.6141e-05 0 0))
(887 (-5.6146e-05 0 0))
(888 (-5.6151e-05 0 0))
(889 (-5.6157e-05 0 0))
(890 (-5.6162e-05 0 0))
(891 (-5.6167e-05 0 0))
(892 (-5.6172e-05 0 0))
(893 (-5.6177e-05 0 0))
(894 (-5.6183e-05 0 0))
(895 (-5.6189e-05 0 0))
(896 (-5.6194e-05 0 0))
(897 (-5.6201e-05 0 0))
(898 (-5.6207e-05 0 0))
(899 (-5.6214e-05 0 0))
(900 (-5.6221e-05 0 0))
(901 (-5.6228e-05 0 0))
(902 (-5.6236e-05 0 0))
(903 (-5.6243e-05 0 0))
(904 (-5.6250e-05 0 0))
(905 (-5.6257e-05 0 0))
(906 (-5.6265e-05 0 0))
(907 (-5.6272e-05 0 0))
(908 (-5.6280e-05 0 0))
(909 (-5.6287e-05 0 0))
(910 (-5.6295e-05 0 0))
(911 (-5.6293e-05 0 0))
(912 (-5.6296e-05 0 0))
(913 (-5.6301e-05 0 0))
(914 (-5.6308e-05 0 0))
(915 (-5.6317e-05 0 0))
(916 (-5.6327e-05 0 0))
(917 (-5.6337e-05 0 0))
(918 (-5.6348e-05 0 0))
(919 (-5.6360e-05 0 0))
(920 (-5.6371e-05 0 0))
(921 (-5.6382e-05 0 0))
(922 (-5.6392e-05 0 0))
(923 (-5.6402e-05 0 0))
(924 (-5.6412e-05 0 0))
(925 (-5.6423e-05 0 0))
(926 (-5.6434e-05 0 0))
(927 (-5.6445e-05 0 0))
(928 (-5.6456e-05 0 0))
(929 (-5.6466e-05 0 0))
(930 (-5.6477e-05 0 0))
(931 (-5.6488e-05 0 0))
(932 (-5.6499e-05 0 0))
(933 (-5.6509e-05 0 0))
(934 (-5.6520e-05 0 0))
(935 (-5.6531e-05 0 0))
(936 (-5.6543e-05 0 0))
(937 (-5.6554e-05 0 0))
(938 (-5.6565e-05 0 0))
(939 (-5.6576e-05 0 0))
(940 (-5.6578e-05 0 0))
(941 (-5.6584e-05 0 0))
(942 (-5.6593e-05 0 0))
(943 (-5.6605e-05 0 0))
(944 (-5.6617e-05 0 0))
(945 (-5.6631e-05 0 0))
(946 (-5.6646e-05 0 0))
(947 (-5.6660e-05 0 0))
(948 (-5.6675e-05 0 0))
(949 (-5.6690e-05 0 0))
(950 (-5.6704e-05 0 0))
(951 (-5.6718e-05 0 0))
(952 (-5.6733e-05 0 0))
(953 (-5.6748e-05 0 0))
(954 (-5.6761e-05 0 0))
(955 (-5.6775e-05 0 0))
(956 (-5.6789e-05 0 0))
(957 (-5.6804e-05 0 0))
(958 (-5.6817e-05 0 0))
(959 (-5.6832e-05 0 0))
(960 (-5.6847e-05 0 0))
(961 (-5.6862e-05 0 0))
(962 (-5.6877e-05 0 0))
(963 (-5.6892e-05 0 0))
(964 (-5.6907e-05 0 0))
(965 (-5.6922e-05 0 0))
(966 (-5.6936e-05 0 0))
(967 (-5.6951e-05 0 0))
(968 (-5.6966e-05 0 0))
(969 (-5.6981e-05 0 0))
(970 (-5.6996e-05 0 0))
(971 (-5.7011e-05 0 0))
(972 (-5.7026e-05 0 0))
(973 (-5.7041e-05 0 0))
(974 (-5.7056e-05 0 0))
(975 (-5.7072e-05 0 0))
(976 (-5.7088e-05 0 0))
(977 (-5.7105e-05 0 0))
(978 (-5.7122e-05 0 0))
(979 (-5.7139e-05 0 0))
(980 (-5.7157e-05 0 0))
(981 (-5.7175e-05 0 0))
(982 (-5.7194e-05 0 0))
(983 (-5.7212e-05 0 0))
(984 (-5.7231e-05 0 0))
(985 (-5.7249e-05 0 0))
(986 (-5.7267e-05 0 0))
(987 (-5.7286e-05 0 0))
(988 (-5.7303e-05 0 0))
(989 (-5.7321e-05 0 0))
(990 (-5.7338e-05 0 0))
(991 (-5.7356e-05 0 0))
(992 (-5.7374e-05 0 0))
(993 (-5.7393e-05 0 0))
(994 (-5.7412e-05 0 0))
(995 (-5.7431e-05 0 0))
(996 (-5.7449e-05 0 0))
(997 (-5.7469e-05 0 0))
(998 (-5.7488e-05 0 0))
(999 (-5.7508e-05 0 0))
